418 442
73 730
906 978
400 737
88 993
29 280
178 189
435 985
521 717
189 966
30 47
153 652
627 686
49 310
414 542
119 936
813 855
166 799
45 704
61 819
665 685
49 721
56 261
486 698
21 657
680 982
403 848
753 787
139 662
528 709
609 953
245 624
405 649
282 969
585 760
422 885
67 986
216 988
178 966
297 437
342 691
620 698
467 637
463 538
381 960
235 778
303 942
711 774
462 720
30 439
608 699
331 697
165 207
375 904
122 629
229 968
37 683
27 439
327 836
12 824
326 386
111 989
468 646
192 479
362 938
83 378
312 451
615 785
246 945
279 535
186 843
571 775
377 621
561 630
670 989
706 768
552 955
448 461
174 531
873 980
580 810
170 743
405 908
258 573
368 479
475 888
239 350
697 857
60 827
571 860
513 700
125 664
76 431
429 958
58 861
116 344
331 857
106 343
199 979
710 846
205 749
83 610
733 801
339 563
297 825
285 399
281 716
501 680
111 670
310 721
26 568
444 952
550 636
126 145
379 587
351 732
96 762
236 614
3 273
94 412
140 888
329 723
47 439
148 486
233 967
387 793
184 240
537 645
851 861
330 579
471 742
183 309
47 182
418 554
58 741
314 507
76 830
38 912
551 714
664 888
595 645
154 740
649 908
382 556
117 604
371 854
190 500
895 961
449 676
70 863
229 524
486 620
159 995
145 943
276 378
155 601
251 769
20 868
207 870
442 554
176 365
440 488
252 533
437 825
230 352
482 978
220 764
37 691
42 233
667 765
563 994
602 662
526 739
95 718
164 679
478 869
192 368
244 845
83 626
379 962
96 316
383 912
25 93
170 744
259 706
408 547
8 847
268 287
74 215
68 860
81 483
213 756
737 759
141 907
572 772
677 987
346 930
698 799
337 766
951 992
171 965
420 629
561 862
49 331
193 288
704 860
204 538
205 738
401 464
603 760
708 879
801 939
212 254
657 676
107 844
135 821
310 331
65 285
293 484
43 927
271 551
172 835
307 452
350 726
394 421
53 704
45 571
223 768
45 860
357 889
350 507
486 799
314 501
415 853
364 681
385 661
333 986
97 747
343 876
88 666
334 673
393 522
342 774
564 628
263 265
49 857
485 632
385 791
157 481
47 201
232 610
41 586
95 350
85 544
858 979
100 900
641 983
271 714
410 817
140 475
784 975
758 920
400 759
318 441
59 290
98 473
323 495
445 479
592 692
517 648
666 993
30 182
310 857
73 156
589 705
494 965
140 161
482 906
347 515
440 678
133 543
448 963
229 926
474 655
417 850
601 890
415 891
475 664
193 471
145 296
894 996
314 922
190 966
404 722
392 920
567 731
623 625
84 365
378 610
131 536
743 744
153 322
212 716
675 886
182 201
354 543
223 706
431 567
617 618
208 892
52 790
42 707
147 715
634 641
196 306
143 260
126 943
335 960
328 651
191 737
500 966
335 381
156 730
357 837
87 494
203 687
368 445
21 676
511 648
773 801
402 918
341 434
409 575
103 850
59 943
741 861
8 302
19 110
497 520
520 797
789 897
103 380
634 983
39 849
397 482
370 628
701 873
77 785
850 959
231 992
180 622
275 437
680 718
219 707
209 291
274 811
423 919
77 615
511 982
122 420
524 968
239 507
166 776
649 929
871 887
44 455
105 715
359 813
501 982
497 686
472 487
191 400
996 999
27 30
55 434
320 844
52 413
300 614
91 123
30 201
337 602
719 881
398 533
276 613
926 968
88 280
537 569
171 494
370 564
84 176
775 860
142 852
247 291
31 635
156 348
336 961
80 248
375 613
775 906
779 896
254 274
696 856
148 799
74 593
469 865
183 748
571 704
104 941
734 847
52 127
38 261
302 847
194 969
165 870
282 923
605 816
68 423
108 695
224 256
64 298
611 728
121 568
223 259
729 807
99 875
95 507
425 510
98 377
40 726
148 698
14 91
229 989
775 978
340 823
722 959
265 875
199 858
968 989
511 680
17 411
155 578
296 943
178 823
212 274
58 851
141 181
127 647
375 689
263 757
733 939
721 857
194 282
204 463
397 775
23 69
234 687
764 861
488 516
111 429
46 119
269 302
228 675
222 638
89 654
660 954
158 318
359 855
633 800
432 668
152 672
38 138
110 688
49 697
418 949
485 562
228 946
626 987
32 484
275 297
442 949
322 996
56 584
646 910
343 882
36 208
339 994
37 342
554 949
139 602
212 811
67 412
148 433
405 606
429 670
11 651
461 963
237 859
458 483
501 718
510 700
12 948
149 171
169 956
86 470
176 712
431 830
57 649
105 210
869 994
690 866
167 899
6 767
36 393
630 862
496 977
598 607
109 764
482 775
331 721
372 696
209 247
361 661
574 808
415 488
56 129
189 190
191 523
218 819
894 999
140 664
405 929
29 88
607 893
536 862
80 531
19 790
188 650
129 261
336 842
397 589
353 382
34 324
166 698
108 174
214 846
115 226
569 826
653 928
382 806
178 207
127 639
10 264
398 490
15 351
113 410
189 878
619 667
217 308
353 785
85 246
533 992
771 918
270 358
301 709
408 551
54 242
147 991
276 558
342 711
812 846
623 839
822 879
689 904
189 823
59 876
718 982
750 919
228 682
73 655
284 299
558 613
178 190
25 249
79 679
547 756
200 423
111 958
683 691
585 603
206 560
1 902
208 766
40 425
549 810
161 221
889 967
658 927
576 726
626 677
507 726
241 770
764 851
121 508
905 954
740 931
540 751
315 452
127 790
52 639
112 736
468 910
544 648
27 47
308 465
40 832
2 264
280 993
6 395
99 172
440 548
136 577
512 895
878 966
268 672
488 678
220 325
65 399
7 596
876 882
157 884
252 992
440 516
525 770
185 218
4 959
791 848
311 539
68 978
279 496
269 585
128 658
378 416
155 780
185 617
787 906
78 354
185 618
78 695
42 532
106 373
517 544
45 53
555 605
396 807
829 997
26 121
610 626
166 486
571 906
310 697
493 529
549 580
431 731
302 585
809 823
598 893
277 658
438 604
505 609
606 649
590 690
408 756
489 942
227 394
365 712
233 889
107 995
157 360
402 915
27 431
14 123
407 920
360 697
322 652
95 239
259 768
199 235
178 974
321 532
376 606
491 842
239 726
362 830
444 645
725 731
45 775
316 762
125 888
237 826
236 518
532 707
591 814
126 930
157 634
14 822
87 674
481 884
141 972
130 373
246 517
116 999
153 996
449 459
600 903
219 535
336 578
76 567
470 803
190 267
250 296
43 658
505 953
182 439
232 723
53 860
24 214
68 200
281 492
490 607
23 667
109 220
110 209
518 745
279 977
537 595
602 766
578 842
82 376
697 721
189 500
524 926
687 894
300 956
350 576
235 979
85 108
42 219
83 276
108 544
447 749
220 963
728 751
620 799
217 387
490 893
407 928
42 321
192 445
149 494
557 659
215 593
787 978
638 946
849 973
13 706
305 560
349 761
403 421
76 731
14 266
755 932
68 571
129 829
375 558
34 381
569 705
43 277
57 727
673 710
571 978
581 661
149 355
454 636
578 601
349 789
176 956
456 648
192 669
290 943
419 844
68 906
58 764
22 638
558 689
823 974
46 936
184 674
177 296
676 987
606 929
193 742
200 397
42 898
556 806
691 774
116 952
753 906
497 627
38 829
587 962
188 762
539 864
123 363
409 504
209 453
177 250
378 626
291 453
501 922
189 974
501 507
231 533
407 653
423 860
608 643
35 292
416 449
488 548
188 316
884 978
527 529
384 643
517 945
61 218
652 687
207 340
92 635
776 799
693 714
29 993
462 594
512 961
884 906
67 94
168 402
187 867
381 973
444 595
37 183
95 680
424 810
358 448
552 971
269 991
345 555
203 652
178 878
361 791
655 817
414 473
67 333
227 421
277 776
466 743
646 795
170 466
207 823
711 748
108 246
715 991
363 792
378 558
407 758
130 386
178 340
360 634
452 684
32 293
433 997
19 688
217 465
138 912
163 865
222 946
188 986
361 581
761 834
511 517
334 710
773 939
509 892
118 376
639 875
152 289
255 703
545 887
535 707
168 545
81 458
148 166
256 656
537 923
289 672
116 937
295 514
695 930
598 599
4 284
872 991
241 588
178 870
392 928
83 416
558 723
286 498
655 730
766 892
246 544
625 839
169 300
416 459
328 590
34 335
272 318
314 680
135 322
277 620
1 248
68 884
710 750
252 734
109 851
413 491
294 984
68 482
147 872
189 207
96 188
673 846
90 306
340 878
339 869
966 974
307 841
307 315
524 989
100 243
234 999
156 655
362 366
691 748
180 420
408 693
372 856
421 848
449 987
510 513
95 644
261 584
45 589
421 791
860 906
78 126
31 890
701 980
583 622
387 465
630 925
424 580
252 847
290 435
67 650
177 194
232 378
402 545
501 511
126 296
137 895
481 697
219 279
731 830
353 556
860 978
224 924
654 807
747 901
565 973
189 340
203 272
297 763
492 716
324 565
513 788
551 693
344 999
413 757
753 978
115 221
19 933
222 768
